4|BMI160 accelerometer|[-1.0466236,7.585027,7.3551054]|1498010210795
4|BMI160 gyroscope|[-0.42163086,-0.29386392,0.095825195]|1498010250904
5|BMI160 accelerometer|[-1.7651294,8.389753,5.2882032]|1498010251062
5|BMI160 gyroscope|[-0.27469888,0.033006456,-0.17142063]|1498010297381
6|BMI160 accelerometer|[-1.5256275,6.6102543,7.688013]|1498010297414
6|BMI160 gyroscope|[-0.40672472,-0.7463718,0.07240126]|1498010337044
7|BMI160 gyroscope|[-0.32687038,-0.66864693,-0.21933323]|1498010337074
7|BMI160 gyroscope|[-0.07878961,-0.46528456,-0.06388346]|1498010376387
8|BMI160 gyroscope|[0.056430392,-0.10221355,-0.12350803]|1498010376422
8|BMI160 gyroscope|[-0.36945936,-0.058559842,-0.2917345]|1498010422415
9|BMI160 gyroscope|[-0.28108725,-0.13841417,-0.2267863]|1498010422433
9|BMI160 gyroscope|[-0.037265353,-0.1788737,-0.015970865]|1498010497766
10|BMI160 gyroscope|[0.033006456,0.027682835,-0.08198378]|1498010497798
10|BMI160 gyroscope|[0.01703559,-0.20123291,0.01703559]|1498010499927
11|BMI160 gyroscope|[0.0021294488,0.0031941733,-0.09476047]|1498010499954
11|BMI160 accelerometer|[-1.8968556,5.8965383,5.0822315]|1498010554697
12|BMI160 gyroscope|[-0.15544976,0.6665175,-0.60369873]|1498010554718
12|BMI160 gyroscope|[-1.108378,0.44186062,-0.5238444]|1498010591899
13|BMI160 gyroscope|[-0.95292836,0.36520046,-0.46528456]|1498010591925
13|BMI160 gyroscope|[-1.456543,-1.2968343,-0.2044271]|1498010646712
14|BMI160 gyroscope|[-0.19590929,-1.8174846,1.1520318]|1498010646738
14|BMI160 gyroscope|[-0.0063883467,0.0021294488,-0.0021294488]|1498010707220
