1|BMI160 accelerometer|[1.1639795,1.223855,8.993299]|1498350213026
1|BMI160 gyroscope|[-0.9678345,-0.28534615,-0.2182685]|1498350249915
2|BMI160 gyroscope|[-0.99125844,-0.99764675,-0.111796066]|1498350249937
2|BMI160 gyroscope|[0.17993842,-0.50787354,-0.5749512]|1498350291472
3|BMI160 gyroscope|[-0.12350803,0.105407715,-0.6005046]|1498350291497
3|BMI160 gyroscope|[-1.1530966,-0.7240126,-0.64628774]|1498350327201
4|BMI160 accelerometer|[0.90052736,3.3793726,9.654325]|1498350327246
4|BMI160 gyroscope|[-0.33964708,-0.7623427,-0.40672472]|1498350367154
5|BMI160 gyroscope|[-0.7453071,-0.6973945,-0.3886244]|1498350367189
5|BMI160 gyroscope|[-0.9688992,0.19165039,0.5589803]|1498350392148
6|BMI160 gyroscope|[-0.06601291,-0.6175402,0.664388]|1498350392178
6|BMI160 accelerometer|[1.6094532,-0.2945874,7.544312]|1498350419041
7|BMI160 gyroscope|[-1.0721775,-0.45463732,-0.4493137]|1498350419068
7|BMI160 gyroscope|[-0.4184367,0.41311306,0.68568254]|1498350432172
8|BMI160 gyroscope|[-0.63564044,0.3055759,0.86987984]|1498350432204
8|BMI160 gyroscope|[-0.27576363,0.59624565,0.028747559]|1498350447072
9|BMI160 gyroscope|[-0.08943685,0.5366211,-0.03407118]|1498350447104
9|BMI160 gyroscope|[-0.27469888,0.44186062,0.07878961]|1498350459784
10|BMI160 gyroscope|[-0.40246582,0.32899985,0.037265353]|1498350459821
10|BMI160 gyroscope|[-0.4940321,0.16822645,-0.29812282]|1498350474207
11|BMI160 gyroscope|[-0.15757921,0.60795766,-0.21188016]|1498350474238
11|BMI160 gyroscope|[-0.24808079,0.28534615,0.04578315]|1498350488005
12|BMI160 gyroscope|[-0.35987684,-0.06601291,-0.033006456]|1498350488052
12|BMI160 gyroscope|[-0.09050158,0.44292536,-0.16077338]|1498350503009
13|BMI160 accelerometer|[1.7866846,3.9924977,8.772957]|1498350503169
13|BMI160 gyroscope|[0.43440756,-0.007453071,0.33006456]|1498350589483
